patient_id,DiagPeriodL90D
573710,1.0
593679,1.0
184532,0.0
447383,1.0
687972,0.0
281312,0.0
492714,1.0
378266,1.0
291550,0.0
612272,1.0
240105,1.0
277939,1.0
504153,1.0
287269,0.0
108727,0.0
598629,1.0
805201,1.0
565624,0.0
689369,1.0
252028,1.0
830503,0.0
777454,1.0
931410,1.0
894910,1.0
257477,1.0
373935,1.0
929645,0.0
164064,0.0
558677,1.0
707003,1.0
289528,1.0
340932,1.0
182933,1.0
887761,0.0
249345,1.0
750357,1.0
162816,1.0
346740,1.0
496264,1.0
900330,1.0
630418,1.0
582166,1.0
397291,0.0
617035,1.0
903270,0.0
628977,0.0
664844,1.0
571761,1.0
284488,1.0
573502,1.0
914179,1.0
533295,1.0
673470,1.0
394209,1.0
165379,1.0
335343,1.0
521842,1.0
513091,1.0
144195,1.0
114345,1.0
611289,1.0
430995,1.0
755430,1.0
170191,0.0
739107,1.0
760626,1.0
999890,1.0
432271,0.0
908248,1.0
843808,0.0
830973,1.0
821535,1.0
129401,1.0
945227,1.0
907148,1.0
333105,1.0
597610,0.0
656576,0.0
572936,1.0
791246,1.0
539117,1.0
846332,1.0
773311,1.0
390700,1.0
245861,0.0
117200,1.0
910365,0.0
889359,1.0
356730,0.0
582721,1.0
264810,0.0
404647,0.0
984242,1.0
489913,1.0
278092,1.0
722543,1.0
450269,0.0
159696,1.0
939772,1.0
859963,1.0
546293,1.0
370096,1.0
199460,0.0
389409,1.0
621491,1.0
741740,0.0
647251,1.0
621415,1.0
890667,1.0
550001,1.0
304847,1.0
452103,0.0
893146,1.0
418688,1.0
800121,1.0
584986,1.0
905101,0.0
749893,1.0
716844,1.0
905428,0.0
935993,1.0
140144,1.0
881549,1.0
196104,0.0
344874,1.0
819944,0.0
509637,1.0
898595,1.0
704924,0.0
690345,0.0
159329,0.0
391239,1.0
815166,0.0
439346,0.0
194281,1.0
923054,1.0
341458,1.0
794949,1.0
697292,0.0
174377,1.0
333090,0.0
548516,1.0
183136,1.0
163024,1.0
556826,1.0
242884,1.0
293877,1.0
228022,1.0
192394,1.0
736880,1.0
463738,1.0
285355,1.0
829856,1.0
181057,0.0
663297,0.0
683154,1.0
618395,1.0
389506,0.0
414665,0.0
760719,0.0
607969,1.0
654560,1.0
896522,1.0
368283,1.0
358159,1.0
545787,1.0
499717,1.0
178237,1.0
360804,1.0
226657,1.0
857385,1.0
745310,1.0
861737,1.0
301647,1.0
882124,1.0
442582,1.0
335826,1.0
693715,1.0
590261,0.0
803586,1.0
701432,1.0
936699,1.0
945991,0.0
607557,0.0
217652,0.0
513924,1.0
492557,1.0
981041,1.0
623610,1.0
933659,1.0
668374,0.0
629977,1.0
107948,0.0
912357,1.0
899955,1.0
311072,1.0
912986,1.0
192517,0.0
709239,1.0
732236,1.0
906000,1.0
956357,1.0
510884,1.0
792098,1.0
207826,1.0
863432,1.0
952556,1.0
714411,1.0
791052,0.0
296062,1.0
782440,1.0
294559,1.0
691722,1.0
423757,1.0
578668,1.0
958723,1.0
390134,1.0
384768,1.0
228092,1.0
144823,1.0
482011,0.0
777373,1.0
472005,0.0
320833,0.0
172845,1.0
119468,1.0
726600,1.0
270864,0.0
383008,1.0
337705,1.0
735950,1.0
127122,1.0
772450,1.0
459016,1.0
903231,1.0
575442,1.0
379055,1.0
782622,1.0
388791,1.0
751886,1.0
870353,1.0
964874,0.0
344627,1.0
998707,1.0
575280,1.0
643958,1.0
592454,1.0
445422,1.0
562542,1.0
384019,1.0
567222,1.0
147542,0.0
634369,0.0
609584,1.0
179795,1.0
956348,1.0
780943,0.0
291831,1.0
979758,1.0
695828,1.0
209909,0.0
553580,0.0
178239,1.0
826433,1.0
868839,1.0
336046,1.0
444549,1.0
487833,0.0
489805,1.0
284563,1.0
121728,1.0
294393,0.0
718727,1.0
178823,0.0
627522,1.0
468390,1.0
100497,1.0
965060,1.0
611579,1.0
718302,1.0
131506,1.0
315616,1.0
977555,1.0
682937,0.0
633729,1.0
973961,1.0
226250,1.0
338940,1.0
720427,1.0
390459,1.0
816410,1.0
717436,0.0
266993,0.0
172505,1.0
502155,1.0
704624,1.0
588485,1.0
588195,1.0
914207,1.0
853565,1.0
395710,0.0
969305,0.0
173028,1.0
306525,0.0
558108,1.0
948892,1.0
825528,1.0
853585,1.0
785262,1.0
328135,1.0
196061,0.0
837859,1.0
708517,1.0
204729,1.0
720667,1.0
853954,1.0
925846,1.0
971653,0.0
915251,1.0
294713,0.0
439086,1.0
257395,1.0
447586,1.0
409216,1.0
121801,1.0
996348,1.0
352183,1.0
412323,1.0
197516,1.0
958656,1.0
421599,0.0
254907,0.0
932494,0.0
602427,1.0
283565,1.0
826043,1.0
837896,1.0
887078,0.0
509999,0.0
257314,1.0
736590,1.0
342233,1.0
900996,0.0
870987,0.0
197279,1.0
893569,1.0
689467,1.0
476266,1.0
498613,0.0
412086,0.0
136926,1.0
706286,1.0
578050,1.0
986339,1.0
180002,1.0
603073,1.0
331199,0.0
350740,1.0
624825,1.0
403977,0.0
670059,0.0
141169,1.0
175279,1.0
429725,1.0
235641,1.0
730523,1.0
118404,0.0
441893,0.0
420533,1.0
429009,0.0
720396,1.0
271433,1.0
476393,1.0
828857,1.0
100925,1.0
390780,1.0
977312,1.0
310110,0.0
644082,1.0
499157,1.0
745648,1.0
777637,0.0
879798,0.0
477660,1.0
532387,1.0
889529,1.0
171196,1.0
380261,1.0
546542,1.0
161795,1.0
161770,0.0
436885,1.0
499013,0.0
589852,0.0
453054,1.0
396878,1.0
838625,1.0
225426,1.0
663740,1.0
432680,1.0
916655,0.0
152918,0.0
237573,1.0
669330,0.0
505141,0.0
877408,1.0
216508,1.0
274662,0.0
235463,1.0
627880,1.0
726901,0.0
902557,1.0
386410,1.0
410135,1.0
775806,1.0
712939,0.0
560808,1.0
490190,1.0
876335,1.0
897188,1.0
932857,1.0
239829,1.0
337922,0.0
543911,0.0
186626,1.0
172543,1.0
473529,0.0
414229,1.0
638019,1.0
299686,1.0
468551,1.0
408762,1.0
378832,1.0
475157,0.0
976728,1.0
440817,1.0
768075,0.0
687927,0.0
869098,0.0
554033,1.0
961553,1.0
368843,1.0
476213,1.0
880673,1.0
924444,0.0
612823,1.0
310020,1.0
450801,0.0
476722,1.0
906308,1.0
525700,1.0
260024,1.0
269245,0.0
855181,1.0
329959,0.0
261983,1.0
816790,1.0
349007,1.0
289545,1.0
137857,0.0
430868,1.0
586496,1.0
298865,1.0
572463,1.0
261804,0.0
659112,1.0
308794,1.0
476170,0.0
833523,1.0
647463,1.0
351422,1.0
751142,1.0
955768,1.0
290355,1.0
127452,1.0
522842,0.0
240482,0.0
710353,1.0
229437,0.0
770901,0.0
884495,1.0
837180,1.0
285182,1.0
519045,1.0
940114,1.0
907458,0.0
447074,1.0
621318,1.0
901204,1.0
635830,1.0
115224,1.0
228655,0.0
173706,0.0
285463,1.0
326473,0.0
350180,1.0
760533,1.0
830918,1.0
513358,1.0
124051,0.0
512848,1.0
332249,1.0
216701,1.0
905016,1.0
348995,0.0
839215,1.0
559043,0.0
465097,1.0
578255,1.0
688318,1.0
561314,1.0
641723,1.0
817795,1.0
865297,1.0
391910,1.0
435896,1.0
331157,1.0
349490,1.0
873571,1.0
164109,1.0
488609,1.0
148260,1.0
298403,0.0
640476,1.0
288946,1.0
848280,1.0
490585,1.0
472104,0.0
292927,1.0
399307,0.0
129607,0.0
841160,1.0
517262,1.0
540850,1.0
392127,1.0
679795,1.0
245144,1.0
701966,1.0
322021,0.0
629922,1.0
393445,1.0
390657,0.0
911933,1.0
913187,0.0
272584,1.0
441777,1.0
801841,1.0
441955,1.0
403798,1.0
159980,1.0
856720,1.0
251066,1.0
508083,0.0
822097,0.0
526824,1.0
729301,1.0
604289,1.0
755924,0.0
308487,1.0
853934,0.0
615106,1.0
502071,1.0
288165,1.0
255935,1.0
187600,0.0
695093,1.0
265735,1.0
883811,1.0
163043,1.0
267433,1.0
611687,0.0
933906,1.0
115256,0.0
256580,1.0
251012,1.0
615735,1.0
145367,1.0
261173,1.0
233620,1.0
700745,1.0
942458,0.0
555901,1.0
505357,0.0
395867,1.0
350433,1.0
282331,1.0
618582,0.0
668590,1.0
980192,1.0
551492,0.0
702296,1.0
166251,0.0
417550,1.0
621270,1.0
448062,1.0
402164,0.0
800222,1.0
576673,1.0
117074,1.0
283495,0.0
567923,0.0
782592,0.0
381028,1.0
232956,1.0
582716,0.0
805183,0.0
312830,0.0
799703,0.0
833868,1.0
140424,0.0
797608,1.0
592507,1.0
317755,1.0
715198,1.0
604089,1.0
894083,1.0
810551,1.0
577948,1.0
585343,0.0
492104,1.0
316678,0.0
750521,1.0
740527,1.0
792379,1.0
976412,1.0
567138,1.0
889826,1.0
183939,0.0
689215,1.0
691139,1.0
569650,0.0
279800,1.0
108005,1.0
349062,1.0
725825,1.0
742040,1.0
787540,1.0
990715,1.0
892179,0.0
194577,1.0
988732,1.0
925311,1.0
168620,1.0
561094,1.0
497739,1.0
999134,1.0
644167,1.0
824211,0.0
305790,1.0
555690,0.0
745810,0.0
999443,1.0
872223,1.0
353776,1.0
995834,1.0
591665,1.0
873173,1.0
757034,0.0
141116,1.0
697467,1.0
985387,1.0
864345,0.0
190889,0.0
789646,1.0
325154,1.0
921888,1.0
561435,1.0
551462,1.0
701293,1.0
806746,1.0
534682,1.0
724963,1.0
845348,0.0
384744,1.0
616542,0.0
539469,0.0
423735,0.0
179254,1.0
964733,1.0
171795,0.0
641212,1.0
869902,1.0
532444,0.0
171457,1.0
953228,0.0
118339,0.0
494683,0.0
822166,1.0
262333,0.0
542466,1.0
202336,0.0
837915,0.0
141271,1.0
686314,0.0
871493,1.0
708870,1.0
565816,1.0
572673,1.0
994817,0.0
657003,1.0
207629,0.0
126132,1.0
790757,1.0
136610,1.0
424401,1.0
151748,1.0
662568,1.0
826361,1.0
106579,0.0
424742,1.0
645789,1.0
802038,1.0
984299,1.0
487207,1.0
518425,1.0
964477,1.0
420489,1.0
526742,0.0
687981,1.0
326037,1.0
558137,1.0
816306,1.0
357087,1.0
725885,1.0
484443,1.0
229712,0.0
873528,1.0
875865,1.0
448337,0.0
878580,1.0
974934,1.0
722887,1.0
600953,1.0
201864,1.0
988504,1.0
776907,1.0
970063,1.0
543716,1.0
225412,0.0
250328,1.0
581483,0.0
588171,0.0
591054,0.0
530438,0.0
915963,1.0
152990,1.0
662011,0.0
533075,1.0
686979,1.0
225836,1.0
151812,1.0
966552,0.0
209119,1.0
812648,1.0
870046,1.0
967802,1.0
462861,0.0
452539,1.0
994460,0.0
115623,0.0
416935,1.0
984561,1.0
834165,1.0
641252,1.0
318124,1.0
501659,1.0
586644,0.0
648413,0.0
114662,1.0
444737,1.0
558229,1.0
292491,1.0
558856,1.0
358191,1.0
974325,0.0
580779,1.0
560680,0.0
292638,1.0
808001,1.0
161525,1.0
924014,1.0
503800,1.0
787136,1.0
239167,0.0
857686,1.0
106339,0.0
520816,0.0
389933,1.0
605816,1.0
513090,1.0
956603,1.0
724886,1.0
680311,1.0
576431,0.0
591191,0.0
205777,1.0
431898,1.0
465135,1.0
687868,0.0
445218,1.0
613436,1.0
919890,1.0
423134,1.0
290439,0.0
753878,1.0
674218,1.0
752143,1.0
360191,1.0
940758,1.0
728956,1.0
611492,1.0
792422,1.0
381825,1.0
663366,1.0
379486,1.0
744732,1.0
239235,1.0
764236,1.0
212467,1.0
830603,0.0
444100,1.0
895114,0.0
990522,1.0
340521,1.0
961430,1.0
912100,1.0
812924,0.0
227782,1.0
195851,1.0
372453,0.0
107367,1.0
511733,1.0
567454,0.0
597830,1.0
543315,0.0
624883,1.0
988735,1.0
311121,1.0
664695,1.0
582250,1.0
549079,1.0
297160,0.0
963584,0.0
314155,1.0
455120,1.0
459752,1.0
957105,1.0
816933,0.0
621145,0.0
418164,1.0
283560,1.0
193131,0.0
698116,0.0
703234,0.0
233639,1.0
462039,1.0
251198,1.0
325694,1.0
308223,1.0
183464,1.0
939495,1.0
587874,0.0
818684,0.0
732174,1.0
664092,0.0
604411,1.0
367348,0.0
526466,1.0
538906,1.0
538479,1.0
236782,1.0
674923,1.0
626611,1.0
866541,1.0
619918,1.0
756817,1.0
131928,1.0
157040,1.0
875176,0.0
606779,1.0
315580,1.0
835287,1.0
131890,1.0
963121,1.0
843094,1.0
499401,0.0
401767,1.0
802316,1.0
426107,1.0
919814,1.0
519664,1.0
616547,1.0
199318,0.0
305859,0.0
908183,0.0
500458,1.0
961543,1.0
821913,0.0
852647,1.0
402090,1.0
480064,0.0
462760,1.0
488530,1.0
566942,1.0
544829,0.0
649281,0.0
482878,1.0
159693,1.0
106788,1.0
145082,1.0
428504,1.0
111997,1.0
258166,1.0
988325,1.0
714531,1.0
704486,1.0
960922,0.0
537180,1.0
545107,1.0
871177,1.0
539145,0.0
968027,1.0
630999,1.0
427720,1.0
317065,0.0
398811,1.0
354449,0.0
689496,0.0
576522,1.0
809803,1.0
538332,1.0
464623,1.0
617837,1.0
195985,1.0
266542,1.0
454384,1.0
904643,1.0
300090,1.0
967953,1.0
326820,1.0
754211,0.0
640598,0.0
366548,0.0
309532,1.0
525257,1.0
861804,1.0
671557,0.0
198291,1.0
992706,1.0
832133,1.0
546489,0.0
944237,1.0
821755,0.0
930822,1.0
387588,0.0
708020,1.0
793705,1.0
392759,1.0
739840,1.0
210991,1.0
674067,1.0
284126,1.0
843456,1.0
937937,1.0
158523,1.0
954204,0.0
622729,1.0
980144,1.0
400395,1.0
981863,1.0
964596,1.0
271135,1.0
105632,0.0
371037,1.0
463734,1.0
381943,1.0
146031,1.0
129258,1.0
507899,1.0
671381,1.0
581924,1.0
404565,1.0
110435,0.0
267408,1.0
227577,0.0
754105,1.0
880826,0.0
311462,1.0
213729,1.0
192464,1.0
810472,0.0
782552,1.0
615246,1.0
556670,1.0
428779,1.0
243322,1.0
862927,1.0
380891,0.0
796144,1.0
332319,0.0
855385,1.0
550063,0.0
200098,0.0
533117,1.0
612749,0.0
248874,1.0
514141,1.0
210183,1.0
934781,1.0
839265,0.0
352036,1.0
440785,1.0
627854,1.0
698724,1.0
294676,1.0
151818,1.0
896586,0.0
722114,1.0
400788,1.0
660643,1.0
793346,0.0
985843,0.0
712577,1.0
580160,1.0
855122,1.0
472152,0.0
362912,1.0
969752,1.0
993542,0.0
195056,1.0
552471,1.0
808112,1.0
428474,0.0
893359,1.0
259326,0.0
943924,1.0
819703,0.0
806560,1.0
638443,1.0
823695,1.0
606702,1.0
390274,1.0
990132,1.0
709479,1.0
869494,0.0
929283,1.0
940648,1.0
874726,0.0
530449,0.0
777202,1.0
998202,0.0
656126,0.0
942078,1.0
134721,1.0
776938,1.0
493075,1.0
545718,1.0
644733,0.0
774485,1.0
515220,1.0
981905,1.0
965067,1.0
518893,1.0
511022,0.0
388945,1.0
831886,1.0
748692,1.0
859114,1.0
734682,1.0
879096,1.0
851678,1.0
525853,0.0
857313,1.0
227745,1.0
648282,0.0
300278,1.0
393302,1.0
157910,1.0
107997,0.0
135548,1.0
103619,0.0
362946,1.0
938003,0.0
807433,1.0
300764,0.0
486914,1.0
686911,0.0
238928,1.0
646016,1.0
610013,1.0
341006,1.0
415225,1.0
709409,1.0
819511,1.0
606025,1.0
222563,1.0
170882,1.0
683053,1.0
689133,1.0
147074,1.0
266496,1.0
932145,1.0
865732,1.0
790417,1.0
770077,0.0
155669,0.0
843197,1.0
145907,1.0
394289,1.0
716611,1.0
577953,1.0
564684,1.0
243856,0.0
822801,1.0
467649,1.0
668503,1.0
723525,1.0
801348,1.0
104639,1.0
250108,1.0
258236,1.0
286342,1.0
519494,1.0
909175,1.0
315112,0.0
326967,1.0
206159,0.0
294747,0.0
277519,1.0
852696,1.0
803374,1.0
953468,1.0
640410,1.0
559763,1.0
408304,1.0
890561,0.0
674435,1.0
519053,0.0
944571,1.0
615967,1.0
470982,1.0
266210,1.0
213653,0.0
205886,0.0
668876,1.0
854753,1.0
975985,1.0
144636,1.0
373702,1.0
751057,1.0
988179,1.0
836151,1.0
199551,1.0
230403,1.0
508803,1.0
898813,0.0
264170,0.0
472387,1.0
221377,1.0
804911,1.0
157592,0.0
366587,1.0
706969,0.0
561151,1.0
384544,1.0
451004,1.0
934193,1.0
197865,1.0
833557,1.0
383116,1.0
993358,1.0
321689,1.0
685083,1.0
666125,0.0
409023,1.0
516818,1.0
960917,1.0
812702,1.0
929897,1.0
393077,1.0
338333,1.0
150567,1.0
822257,0.0
559477,1.0
482805,1.0
834519,1.0
351760,0.0
515449,0.0
884026,1.0
863203,0.0
696402,0.0
463242,1.0
881726,0.0
692507,0.0
408807,1.0
259341,0.0
190341,1.0
814338,1.0
684859,1.0
437587,1.0
707188,1.0
995779,1.0
433999,1.0
713976,1.0
380318,1.0
781467,0.0
159511,0.0
302523,1.0
455985,0.0
545761,1.0
538585,1.0
906671,1.0
274594,0.0
100782,1.0
255542,0.0
144341,1.0
870903,1.0
107288,1.0
311864,1.0
953984,1.0
832167,1.0
935768,1.0
133555,1.0
397822,1.0
978066,1.0
581246,1.0
370593,1.0
971482,1.0
618591,0.0
676131,1.0
524368,0.0
532316,1.0
882458,1.0
544577,1.0
272639,1.0
581634,1.0
939852,1.0
475482,1.0
106241,1.0
678770,1.0
348125,1.0
365355,1.0
186302,1.0
932165,0.0
861260,1.0
489098,1.0
219669,1.0
250654,1.0
249314,1.0
208355,0.0
444958,1.0
105399,0.0
972415,1.0
633349,1.0
236320,1.0
704980,1.0
627820,1.0
732483,1.0
814485,1.0
880275,1.0
315690,1.0
913964,1.0
641456,1.0
186902,1.0
414349,1.0
426923,1.0
216298,1.0
917682,1.0
653028,1.0
732186,1.0
464644,1.0
193356,0.0
948497,1.0
714332,1.0
873897,1.0
983121,1.0
112656,1.0
627662,1.0
453219,1.0
438484,1.0
689240,1.0
325435,1.0
947010,1.0
933046,0.0
704122,1.0
263500,1.0
809802,1.0
960931,1.0
664566,1.0
811194,0.0
503951,0.0
630546,1.0
233933,1.0
127034,1.0
920725,1.0
390962,0.0
568881,1.0
421712,1.0
787180,1.0
164413,1.0
764584,0.0
318884,1.0
819570,1.0
707004,1.0
318655,1.0
919591,1.0
931900,1.0
221171,0.0
855956,1.0
738425,1.0
595827,1.0
357163,1.0
999031,0.0
820131,1.0
759478,1.0
255200,0.0
545104,1.0
160892,1.0
705093,1.0
413697,1.0
701915,1.0
894305,1.0
402009,1.0
558692,1.0
396035,1.0
446739,0.0
928640,1.0
109325,1.0
742403,1.0
249327,1.0
826976,1.0
874262,1.0
442909,0.0
821196,1.0
267272,0.0
952444,1.0
628383,1.0
557274,1.0
177041,1.0
212608,0.0
676539,1.0
876687,0.0
535976,1.0
848891,1.0
671730,1.0
179047,1.0
664463,1.0
338069,1.0
821161,1.0
791303,0.0
469087,1.0
110920,1.0
406022,0.0
566021,0.0
543780,1.0
551719,1.0
195013,0.0
907452,0.0
305313,1.0
344279,1.0
577154,1.0
667425,1.0
445362,1.0
826722,0.0
131853,1.0
286852,1.0
847322,1.0
120099,1.0
900084,1.0
581269,0.0
190988,0.0
460250,1.0
970874,1.0
964885,1.0
564556,1.0
440203,1.0
864455,0.0
104903,0.0
361511,1.0
778775,0.0
709633,1.0
677609,1.0
121268,1.0
578904,1.0
720753,1.0
162421,1.0
426656,1.0
781981,1.0
835983,1.0
285631,1.0
516603,1.0
540935,1.0
445005,1.0
880363,1.0
928620,1.0
667322,0.0
931343,1.0
761283,1.0
973764,1.0
753645,1.0
909938,1.0
200009,0.0
936543,1.0
275738,1.0
950426,1.0
426866,0.0
264728,1.0
871925,1.0
494194,1.0
715892,0.0
860740,1.0
391918,1.0
926168,1.0
721598,0.0
443074,1.0
631054,0.0
173569,1.0
509928,1.0
226406,1.0
636714,0.0
654767,1.0
899374,1.0
654915,1.0
176375,1.0
149181,1.0
846186,1.0
348079,1.0
757936,1.0
391073,1.0
147006,1.0
897454,1.0
405254,1.0
173315,1.0
511334,1.0
804051,1.0
312064,1.0
789000,0.0
511148,0.0
630576,1.0
603466,1.0
123465,0.0
114710,1.0
293934,0.0
907552,1.0
599286,1.0
627084,1.0
217317,1.0
188475,1.0
810727,1.0
412944,1.0
535253,1.0
175523,0.0
419037,1.0
286641,0.0
849570,1.0
273104,1.0
508001,1.0
757735,1.0
482007,0.0
478229,1.0
419170,1.0
223876,1.0
311321,1.0
360039,1.0
225420,0.0
376192,0.0
351556,1.0
481100,1.0
566275,1.0
815199,1.0
585553,1.0
474987,1.0
649765,1.0
823626,0.0
847341,1.0
562282,0.0
982210,0.0
469282,1.0
711473,1.0
722741,1.0
131787,1.0
241205,1.0
903720,1.0
763264,0.0
111205,1.0
243453,1.0
741024,0.0
932307,1.0
685097,1.0
273178,1.0
684312,1.0
282480,1.0
497407,1.0
494613,0.0
248712,1.0
224504,1.0
840718,1.0
400245,1.0
918560,1.0
857394,1.0
330666,1.0
229434,1.0
130472,1.0
941816,1.0
332753,0.0
197259,1.0
687200,1.0
530657,1.0
231980,1.0
503483,1.0
828114,0.0
593037,1.0
922614,0.0
609138,0.0
951397,0.0
176407,0.0
977357,1.0
130414,1.0
838898,1.0
275468,1.0
360513,1.0
663453,1.0
793511,0.0
592103,1.0
288178,1.0
800018,1.0
131126,0.0
710401,1.0
386393,1.0
859462,1.0
107248,1.0
707565,0.0
102257,1.0
343260,1.0
214345,0.0
578180,0.0
994131,1.0
390944,1.0
730269,1.0
239260,1.0
476634,0.0
897492,1.0
222216,0.0
960971,1.0
432035,1.0
886336,1.0
154702,1.0
273036,1.0
687979,1.0
967782,0.0
962978,1.0
344184,1.0
715788,1.0
705124,1.0
506675,0.0
385153,1.0
950040,1.0
448405,1.0
162615,1.0
120000,1.0
148141,0.0
707965,1.0
603017,0.0
116671,1.0
128141,1.0
636745,1.0
265912,1.0
782302,1.0
946518,1.0
519532,1.0
146436,1.0
246585,1.0
948009,1.0
217478,1.0
678349,1.0
295918,1.0
713347,0.0
550850,1.0
943300,1.0
806999,1.0
743514,1.0
701772,0.0
141029,1.0
636354,0.0
651063,1.0
990335,1.0
492490,1.0
799438,1.0
126140,0.0
970790,1.0
560322,1.0
921152,1.0
796605,1.0
596665,1.0
319619,1.0
376324,1.0
951614,1.0
547096,1.0
575449,1.0
218610,1.0
585776,1.0
826849,1.0
166117,1.0
436753,1.0
448508,1.0
604478,1.0
960613,0.0
956804,1.0
717941,1.0
172795,1.0
494639,0.0
250763,0.0
318503,1.0
266800,1.0
171013,1.0
693075,1.0
423339,1.0
772179,1.0
479034,0.0
754994,1.0
884561,1.0
445352,1.0
408585,1.0
785793,1.0
714620,1.0
483187,0.0
367738,1.0
183996,0.0
466933,1.0
959665,1.0
490778,1.0
781466,1.0
619780,1.0
437612,1.0
802280,0.0
885428,0.0
759479,1.0
596720,1.0
951372,1.0
775907,0.0
738731,1.0
250839,1.0
196251,1.0
358613,1.0
829274,1.0
145975,1.0
499629,1.0
518172,1.0
868649,0.0
831465,1.0
738780,1.0
626096,0.0
966135,1.0
830815,1.0
265386,1.0
794213,1.0
957610,1.0
869455,1.0
902179,1.0
791697,1.0
148848,1.0
552930,1.0
147627,0.0
782072,0.0
339805,1.0
868937,0.0
891058,1.0
831492,1.0
259021,0.0
523145,1.0
415688,1.0
364547,0.0
282641,1.0
264757,1.0
453703,1.0
731497,0.0
933937,1.0
223373,1.0
933418,1.0
217046,1.0
177629,1.0
753865,1.0
526732,1.0
708861,1.0
854995,1.0
556115,1.0
733440,1.0
987572,1.0
587358,1.0
466817,1.0
385582,1.0
802645,1.0
300303,1.0
219525,1.0
409128,1.0
832022,0.0
384855,1.0
547141,0.0
761578,1.0
490151,1.0
964832,1.0
945457,1.0
189557,1.0
614382,1.0
834338,1.0
198971,1.0
752635,1.0
918774,0.0
451234,1.0
875402,1.0
232223,1.0
679045,1.0
244004,1.0
733220,1.0
647081,0.0
827041,1.0
318886,1.0
127075,0.0
608152,0.0
557021,0.0
374036,1.0
686080,1.0
259541,1.0
211199,1.0
394979,1.0
831582,1.0
409384,0.0
100806,1.0
629562,0.0
846834,0.0
143478,1.0
377637,1.0
649401,0.0
906791,1.0
262672,0.0
732739,0.0
760843,1.0
136274,1.0
266153,0.0
580122,1.0
455198,1.0
782801,0.0
113357,0.0
366087,1.0
211379,1.0
714418,1.0
295515,1.0
566600,1.0
975442,0.0
552097,0.0
498359,1.0
246280,1.0
252752,1.0
226187,1.0
372938,1.0
262955,1.0
730188,1.0
255718,1.0
888143,1.0
364967,1.0
322475,1.0
811745,0.0
272129,1.0
615976,0.0
192136,1.0
893925,1.0
952523,0.0
486829,1.0
300023,1.0
709861,1.0
280950,1.0
442569,1.0
104139,1.0
762750,0.0
583890,0.0
510447,1.0
228045,1.0
556479,1.0
959875,1.0
589856,1.0
248909,1.0
991518,1.0
236173,1.0
573439,1.0
443659,1.0
998097,1.0
410477,0.0
656147,1.0
905735,1.0
632551,0.0
981460,1.0
938820,1.0
532094,1.0
299160,1.0
548887,1.0
407133,1.0
318329,1.0
857574,1.0
493214,1.0
746866,0.0
717242,1.0
107835,1.0
322908,1.0
191738,0.0
380609,1.0
437340,1.0
357622,0.0
886050,1.0
856515,0.0
448852,1.0
521774,0.0
605044,1.0
377804,1.0
750210,1.0
627277,1.0
939425,1.0
868953,1.0
928838,1.0
637428,0.0
967307,1.0
307066,1.0
696645,1.0
651700,1.0
447592,0.0
832203,1.0
115523,1.0
291105,1.0
965827,1.0
923876,0.0
473176,1.0
819374,1.0
740230,1.0
848032,0.0
137122,0.0
675584,1.0
315999,1.0
609134,1.0
848994,1.0
588715,0.0
237773,0.0
612877,1.0
739921,1.0
967169,1.0
454086,1.0
153970,0.0
297287,0.0
317052,0.0
959506,1.0
434784,1.0
827660,1.0
732649,1.0
601585,0.0
444998,1.0
412607,1.0
859320,1.0
892440,1.0
340256,1.0
649381,1.0
669744,0.0
521818,1.0
574114,1.0
479421,0.0
651772,1.0
791137,1.0
124463,1.0
299847,1.0
729045,0.0
902616,1.0
838635,0.0
755334,1.0
424865,0.0
706161,1.0
310124,1.0
407510,1.0
896386,1.0
806336,1.0
989293,1.0
520121,1.0
696333,1.0
931552,1.0
953242,1.0
723048,1.0
580972,1.0
533905,1.0
426571,0.0
167687,1.0
800637,1.0
837283,1.0
975819,1.0
207827,0.0
153316,1.0
285833,1.0
670803,1.0
365773,1.0
837404,1.0
325785,1.0
397259,1.0
373903,1.0
348149,1.0
826235,1.0
522226,0.0
702188,1.0
624905,0.0
804115,1.0
609982,1.0
793670,1.0
364352,1.0
281408,1.0
449344,1.0
984503,1.0
107006,1.0
464050,1.0
778779,0.0
758968,1.0
107355,1.0
832451,1.0
907264,1.0
177787,0.0
464869,1.0
563012,1.0
690199,0.0
992287,0.0
565842,1.0
993924,1.0
967084,0.0
313115,1.0
520128,0.0
974964,1.0
830915,1.0
333614,0.0
899249,1.0
155339,1.0
879258,1.0
925702,1.0
424165,1.0
845638,1.0
586334,1.0
135169,0.0
626778,1.0
312094,1.0
747676,0.0
434039,1.0
523759,0.0
440463,1.0
805756,1.0
950296,1.0
414443,1.0
105071,0.0
302262,1.0
586589,1.0
276778,1.0
489087,1.0
811518,1.0
287435,1.0
148518,1.0
242010,1.0
832584,0.0
349020,0.0
426291,1.0
904946,1.0
111267,1.0
979418,1.0
488570,1.0
909244,0.0
427885,1.0
226856,1.0
139756,1.0
114933,1.0
445972,1.0
327778,0.0
138034,1.0
438420,1.0
622705,1.0
578783,1.0
855041,1.0
802965,1.0
269829,0.0
789885,1.0
187443,0.0
442619,1.0
822638,1.0
827083,1.0
239061,1.0
257193,1.0
398510,1.0
681420,1.0
696886,0.0
742581,0.0
492794,1.0
146127,1.0
982202,1.0
299823,1.0
348704,1.0
675060,0.0
643799,1.0
403092,1.0
531039,0.0
303425,1.0
318556,1.0
547406,0.0
161545,1.0
424546,1.0
756870,1.0
916724,1.0
677509,1.0
701560,0.0
142868,0.0
551331,1.0
525127,1.0
146609,1.0
617451,1.0
396437,1.0
516554,1.0
665619,0.0
985872,1.0
134014,0.0
316757,1.0
730445,1.0
307378,1.0
333879,1.0
336820,1.0
845838,0.0
431277,1.0
134158,1.0
649588,1.0
170427,1.0
992834,1.0
784266,1.0
574835,1.0
915989,0.0
973550,1.0
928099,1.0
121072,1.0
934621,1.0
957213,1.0
810155,0.0
959938,1.0
270865,1.0
881087,1.0
359454,1.0
236446,1.0
522209,1.0
275499,1.0
531334,1.0
832333,1.0
637254,0.0
823113,1.0
277726,1.0
889764,1.0
236920,1.0
717150,0.0
535456,1.0
304356,1.0
277760,1.0
944030,1.0
971465,1.0
273865,0.0
547703,1.0
318071,1.0
285923,1.0
935390,1.0
565275,1.0
732603,0.0
479219,1.0
363151,1.0
963694,1.0
536052,1.0
136316,0.0
233761,1.0
333489,0.0
540257,1.0
668697,1.0
828696,1.0
857354,1.0
204429,1.0
135292,1.0
540001,0.0
832723,1.0
952020,0.0
428975,1.0
786393,0.0
755249,1.0
365163,1.0
493881,0.0
883505,1.0
311013,1.0
717460,1.0
469998,1.0
795340,0.0
272271,1.0
377428,1.0
995591,1.0
743708,0.0
564560,1.0
262921,1.0
998786,1.0
455177,0.0
807011,0.0
730200,0.0
274529,1.0
156815,1.0
226079,0.0
312881,1.0
397426,1.0
107015,1.0
328503,1.0
761222,1.0
236693,1.0
304202,1.0
783602,0.0
659325,1.0
356880,1.0
307484,0.0
882400,1.0
337901,1.0
160298,1.0
739104,0.0
766800,1.0
158651,1.0
266681,1.0
181010,0.0
737027,1.0
187129,0.0
264552,0.0
827368,0.0
373104,1.0
453326,1.0
216994,1.0
760537,1.0
669364,1.0
780492,1.0
700311,1.0
131460,1.0
830135,1.0
516644,0.0
728626,1.0
805234,1.0
302408,0.0
370575,1.0
215161,1.0
421321,1.0
774522,1.0
707574,0.0
883585,1.0
984319,1.0
217813,1.0
304533,1.0
782710,1.0
498267,1.0
814582,1.0
868484,1.0
636171,0.0
779134,0.0
424019,1.0
591105,0.0
373610,0.0
502322,1.0
953989,0.0
562137,1.0
966796,1.0
749954,1.0
374284,1.0
277080,1.0
981750,1.0
475383,1.0
749663,1.0
144122,1.0
595755,1.0
646949,1.0
583736,1.0
603948,1.0
775737,1.0
585202,1.0
895687,1.0
143668,1.0
880553,1.0
415818,0.0
925269,1.0
598423,1.0
271149,1.0
440078,1.0
663133,1.0
903207,1.0
925618,1.0
370675,0.0
534913,0.0
845481,1.0
952456,1.0
510815,0.0
335633,1.0
872268,1.0
594425,1.0
971565,0.0
142909,1.0
574840,1.0
705440,1.0
296081,1.0
175844,1.0
318375,1.0
763128,1.0
236742,1.0
651286,1.0
615544,1.0
244657,1.0
491688,0.0
257668,1.0
698312,1.0
343248,1.0
965796,1.0
859670,0.0
242475,1.0
812179,0.0
510454,1.0
937851,1.0
238978,0.0
864375,1.0
164971,1.0
808873,1.0
439992,1.0
413757,0.0
390494,1.0
989267,1.0
399209,0.0
414541,1.0
414129,1.0
255770,0.0
202434,1.0
673709,1.0
242436,1.0
886520,1.0
448742,1.0
442437,0.0
785658,1.0
631459,1.0
354475,0.0
445535,1.0
992711,1.0
875815,0.0
479670,1.0
828043,1.0
221167,0.0
557443,1.0
613918,1.0
942642,1.0
155840,1.0
670177,1.0
222062,1.0
201000,1.0
199259,1.0
582604,1.0
936920,1.0
750724,1.0
960807,1.0
244861,0.0
619740,0.0
379129,1.0
841029,0.0
869695,1.0
908888,1.0
876936,0.0
580465,0.0
139179,1.0
580237,1.0
464281,1.0
868694,1.0
554177,1.0
505770,1.0
968388,1.0
210000,0.0
197986,0.0
805620,1.0
145000,1.0
656346,0.0
798051,1.0
759693,0.0
188026,0.0
415946,0.0
640577,0.0
263409,0.0
748731,1.0
409668,1.0
862734,0.0
615169,1.0
849036,1.0
395442,1.0
342463,1.0
430056,0.0
727922,1.0
858711,0.0
464133,0.0
760769,0.0
965025,1.0
263922,1.0
981566,1.0
639488,1.0
164709,0.0
932304,1.0
146913,1.0
983255,1.0
967828,0.0
506426,1.0
675612,1.0
112955,1.0
483850,1.0
765593,1.0
621342,1.0
825347,1.0
680933,1.0
235046,0.0
153458,0.0
913327,0.0
213974,1.0
456635,0.0
841884,1.0
459806,1.0
254199,1.0
826810,1.0
145881,0.0
120118,1.0
342254,1.0
613998,0.0
160556,1.0
372827,1.0
541230,1.0
408968,1.0
276921,1.0
422408,1.0
258001,0.0
255112,0.0
146598,1.0
288369,1.0
718343,1.0
231842,0.0
177917,1.0
698200,1.0
393609,1.0
281138,1.0
880311,1.0
160461,1.0
831988,0.0
362466,1.0
668490,1.0
432246,1.0
290550,1.0
149681,0.0
482940,1.0
148811,1.0
899679,1.0
169459,0.0
592464,1.0
356423,1.0
191944,1.0
858581,1.0
114513,1.0
774225,1.0
113173,1.0
728224,1.0
884067,1.0
491583,1.0
361176,0.0
662762,1.0
756274,0.0
809590,0.0
346113,0.0
589370,1.0
441974,1.0
548616,0.0
499284,1.0
349017,1.0
622053,1.0
519661,1.0
788548,1.0
293034,1.0
839872,1.0
353670,1.0
155315,0.0
797481,1.0
971292,0.0
831939,1.0
941550,1.0
657740,0.0
326173,1.0
163738,1.0
220134,0.0
677988,1.0
852498,1.0
728854,0.0
129973,1.0
475984,1.0
783935,1.0
774050,1.0
880725,1.0
368566,1.0
497116,1.0
302863,1.0
834465,0.0
512967,1.0
577773,0.0
573046,0.0
178311,0.0
435068,1.0
464962,1.0
486282,1.0
638712,0.0
806452,0.0
543577,1.0
543338,1.0
284034,0.0
214049,1.0
907312,1.0
817765,0.0
791346,0.0
424804,1.0
960175,1.0
725066,1.0
668992,1.0
988636,1.0
838485,1.0
534956,1.0
276247,1.0
752514,0.0
786854,1.0
443338,1.0
938726,1.0
834556,1.0
569410,1.0
996040,1.0
486933,1.0
767624,1.0
764382,1.0
622656,1.0
664756,0.0
579298,1.0
113381,1.0
182553,1.0
974269,1.0
344835,0.0
792861,1.0
254333,1.0
493243,1.0
868374,1.0
672344,0.0
695004,1.0
786870,1.0
633142,1.0
284463,1.0
691058,1.0
803986,1.0
529490,1.0
304016,1.0
851197,0.0
480561,1.0
373485,1.0
816318,1.0
292661,1.0
744240,1.0
593180,1.0
847639,1.0
914593,1.0
358948,1.0
986465,0.0
804711,1.0
280459,0.0
425987,0.0
933835,0.0
287470,1.0
900574,1.0
452076,1.0
260933,1.0
276863,1.0
597811,1.0
226453,1.0
330089,1.0
662560,1.0
150871,1.0
970742,0.0
987628,0.0
431053,1.0
536875,1.0
286605,1.0
146320,1.0
716021,0.0
442769,0.0
149662,1.0
844273,1.0
702994,1.0
926709,0.0
230033,1.0
228190,1.0
959107,1.0
724065,1.0
163749,1.0
767845,1.0
180875,1.0
378382,0.0
366588,0.0
740965,1.0
878101,0.0
446573,1.0
282663,1.0
415436,1.0
955141,1.0
961747,1.0
240650,0.0
668386,1.0
698177,1.0
584380,0.0
320241,1.0
198403,0.0
392501,0.0
134842,1.0
877880,0.0
805950,0.0
974381,0.0
986969,0.0
312381,1.0
440698,1.0
495428,0.0
824901,0.0
913370,1.0
744561,1.0
129752,1.0
800291,1.0
909096,0.0
771326,1.0
752284,1.0
384313,1.0
362515,0.0
917387,1.0
108349,0.0
792010,1.0
391355,1.0
456299,0.0
201123,0.0
427413,1.0
290870,1.0
977655,1.0
909804,0.0
773393,1.0
816981,1.0
469749,1.0
592731,0.0
762959,1.0
574059,1.0
157451,1.0
622952,1.0
379948,0.0
279280,1.0
567297,0.0
931767,1.0
705670,0.0
211782,1.0
570780,1.0
976106,0.0
680986,0.0
179101,1.0
921688,1.0
394804,1.0
223722,1.0
862713,1.0
876145,1.0
981597,1.0
469545,1.0
555840,1.0
432737,1.0
664074,1.0
154236,0.0
101095,1.0
901544,1.0
814491,0.0
193348,0.0
715040,1.0
993861,1.0
272657,0.0
904336,1.0
409256,0.0
107182,1.0
547956,0.0
600858,1.0
299367,1.0
198945,1.0
416100,0.0
868392,1.0
230044,1.0
263607,1.0
434204,1.0
982785,1.0
597711,1.0
414076,0.0
866447,1.0
347688,0.0
679838,1.0
955738,1.0
991808,1.0
538346,1.0
518609,1.0
750815,1.0
865483,1.0
123601,1.0
289137,1.0
628666,1.0
563092,1.0
476557,1.0
697637,1.0
863894,1.0
289255,1.0
928179,1.0
754638,0.0
616551,1.0
132434,0.0
984031,1.0
546598,1.0
443487,1.0
250257,1.0
637587,1.0
932953,1.0
817459,1.0
466711,1.0
112287,1.0
368219,0.0
286478,1.0
527559,1.0
782819,1.0
145671,1.0
806800,1.0
693234,1.0
658641,1.0
208400,1.0
813628,0.0
127972,1.0
817556,1.0
399434,1.0
650465,1.0
227351,1.0
212184,1.0
347572,1.0
946147,1.0
645745,1.0
152261,1.0
153417,1.0
158811,1.0
950746,0.0
149026,0.0
663580,1.0
620217,0.0
780199,1.0
647943,1.0
267946,1.0
129951,0.0
517605,1.0
890217,1.0
764633,1.0
837076,1.0
922831,1.0
597706,1.0
914228,1.0
699334,1.0
693263,1.0
967982,1.0
612986,1.0
438236,1.0
462697,1.0
126815,0.0
417530,0.0
834229,1.0
788647,1.0
815293,1.0
281858,0.0
600669,1.0
538098,1.0
965961,1.0
978388,0.0
357675,1.0
204103,1.0
819073,1.0
140024,0.0
409211,1.0
289021,1.0
445467,1.0
942112,1.0
482767,0.0
485102,1.0
460303,1.0
311561,1.0
626501,0.0
142336,0.0
153048,1.0
117971,1.0
163618,0.0
617765,1.0
241244,1.0
455758,0.0
282167,1.0
384072,0.0
387928,0.0
343488,1.0
976255,0.0
224191,1.0
190640,0.0
712475,1.0
990910,1.0
193783,1.0
923625,1.0
763805,1.0
575671,1.0
647129,1.0
626331,1.0
182059,1.0
205231,1.0
855508,0.0
275530,0.0
463097,0.0
982197,1.0
321332,1.0
364431,0.0
692494,1.0
714109,1.0
795194,1.0
773013,0.0
805124,1.0
766247,1.0
965700,1.0
111571,0.0
751340,1.0
138373,1.0
321773,0.0
463845,0.0
881713,0.0
697611,1.0
716346,1.0
737195,1.0
333467,1.0
803416,1.0
362288,1.0
477269,1.0
151264,1.0
865443,0.0
253963,1.0
953167,1.0
691640,1.0
738221,1.0
168794,1.0
592636,0.0
933505,1.0
549583,0.0
304627,1.0
686443,1.0
543717,1.0
117694,1.0
672816,0.0
559741,1.0
233245,0.0
926034,1.0
392602,1.0
122290,1.0
127952,1.0
426218,1.0
130155,1.0
236379,1.0
959873,1.0
479162,1.0
705333,1.0
475745,1.0
251243,0.0
153503,0.0
916752,0.0
103352,1.0
667125,1.0
233868,1.0
449154,1.0
950576,1.0
435686,0.0
669808,1.0
519267,1.0
808186,0.0
170439,0.0
187702,1.0
847067,1.0
835424,1.0
618381,1.0
931327,1.0
793775,0.0
798315,1.0
220995,1.0
874646,1.0
898644,0.0
305525,0.0
574090,1.0
359791,1.0
677899,1.0
228810,1.0
383140,1.0
102085,0.0
261310,1.0
533314,1.0
704713,1.0
384568,1.0
323762,1.0
143840,1.0
137274,1.0
923997,1.0
129968,1.0
358291,1.0
811324,1.0
380829,0.0
199757,0.0
454376,1.0
922860,1.0
101227,0.0
829785,1.0
456332,1.0
347244,0.0
625289,0.0
898149,1.0
219712,1.0
245118,1.0
599170,1.0
151405,1.0
158359,1.0
753555,1.0
546440,1.0
947714,1.0
993493,1.0
661445,1.0
920809,1.0
471645,0.0
507559,1.0
409205,1.0
157825,0.0
763602,0.0
664408,1.0
919267,1.0
688653,1.0
528218,1.0
614487,1.0
982570,0.0
226043,1.0
777111,1.0
142545,1.0
398010,1.0
103503,0.0
106461,1.0
824869,1.0
146543,1.0
749255,1.0
177469,1.0
860290,0.0
453071,1.0
512083,1.0
596938,1.0
881676,1.0
140466,1.0
510049,1.0
619508,1.0
961704,1.0
402106,1.0
190824,1.0
305512,1.0
268355,0.0
536321,1.0
394739,1.0
138563,0.0
533812,1.0
607343,0.0
485967,1.0
685927,1.0
343521,1.0
220844,0.0
588802,0.0
408096,0.0
715117,1.0
261783,1.0
692842,1.0
979125,0.0
892297,1.0
562644,0.0
905713,1.0
370474,1.0
772371,0.0
152645,1.0
654880,0.0
536724,1.0
436408,1.0
154888,0.0
979538,1.0
695208,1.0
682273,0.0
609341,1.0
698998,1.0
148232,1.0
883575,1.0
504283,1.0
592297,1.0
555462,1.0
230896,1.0
663921,1.0
133187,1.0
587609,1.0
621751,1.0
962599,0.0
291777,1.0
731870,1.0
427955,1.0
478155,1.0
691084,0.0
618627,0.0
550321,0.0
516723,0.0
952341,1.0
996770,0.0
361876,1.0
495950,1.0
647068,1.0
970951,1.0
687689,1.0
258368,1.0
147063,1.0
697472,1.0
784638,1.0
873264,1.0
766744,1.0
770486,1.0
753373,1.0
373215,1.0
503133,0.0
953296,0.0
442877,1.0
331419,1.0
916131,0.0
663117,1.0
421061,1.0
902142,0.0
100266,0.0
156312,1.0
182596,1.0
397185,1.0
367840,1.0
138030,1.0
914324,0.0
558336,1.0
804071,1.0
743569,1.0
486878,1.0
447328,1.0
548090,1.0
360785,1.0
859641,0.0
322485,0.0
356473,1.0
217825,1.0
644723,1.0
111372,1.0
893551,0.0
859816,1.0
891564,1.0
449055,1.0
324830,1.0
176807,1.0
140158,1.0
294769,1.0
697654,0.0
329642,1.0
484851,1.0
537921,1.0
131349,1.0
384066,1.0
900119,1.0
990476,1.0
622002,1.0
632309,1.0
835710,1.0
879542,1.0
158499,1.0
333322,1.0
696199,1.0
998017,1.0
786607,1.0
331887,1.0
356602,0.0
292305,1.0
186763,1.0
168063,0.0
160446,1.0
468720,1.0
798718,1.0
615732,1.0
350792,1.0
589690,1.0
521574,1.0
534404,1.0
198307,1.0
681518,1.0
720586,0.0
344144,1.0
151198,1.0
370858,1.0
904048,1.0
725823,1.0
938414,0.0
624380,1.0
110042,1.0
763232,1.0
756672,1.0
114127,1.0
768701,0.0
741381,1.0
899363,1.0
425165,0.0
604451,1.0
727221,1.0
137930,1.0
513731,1.0
204089,0.0
712065,1.0
205702,1.0
482243,1.0
714683,0.0
390933,0.0
473453,1.0
756637,1.0
427108,1.0
474704,0.0
219546,1.0
197512,1.0
850911,1.0
904369,1.0
643149,1.0
918552,0.0
881139,0.0
653576,1.0
830654,0.0
679161,1.0
847567,1.0
961551,1.0
606387,0.0
341566,1.0
883151,1.0
764687,1.0
281637,1.0
399757,1.0
615307,1.0
370391,1.0
422866,1.0
314159,1.0
430624,1.0
563651,1.0
499215,1.0
682564,1.0
743710,1.0
174682,1.0
660954,0.0
675390,1.0
264549,1.0
694546,0.0
917164,1.0
584647,1.0
756679,1.0
399025,1.0
975842,1.0
582622,1.0
110703,0.0
479527,1.0
587239,0.0
428094,1.0
597131,1.0
660116,1.0
492748,0.0
176197,1.0
966481,1.0
176281,1.0
796637,1.0
785855,1.0
813905,1.0
402946,1.0
568615,1.0
567024,1.0
800217,1.0
967046,1.0
876081,1.0
618669,1.0
224346,1.0
204864,1.0
553769,1.0
339886,1.0
224957,1.0
757136,1.0
297312,1.0
649661,1.0
368007,1.0
639833,1.0
775371,0.0
595138,0.0
354240,1.0
855856,0.0
712517,1.0
851465,1.0
236745,1.0
868950,1.0
645712,0.0
854951,1.0
459469,1.0
387352,1.0
604738,1.0
643715,1.0
444557,1.0
658335,0.0
647980,1.0
247839,1.0
693086,1.0
673228,0.0
133248,0.0
405401,1.0
535477,0.0
484822,1.0
243951,1.0
344893,1.0
484861,1.0
548493,0.0
155692,1.0
871312,1.0
299854,1.0
309374,0.0
256368,1.0
980189,0.0
515946,1.0
531949,0.0
473027,1.0
274525,0.0
567599,1.0
885552,1.0
974647,1.0
393714,1.0
588321,1.0
484981,0.0
755651,1.0
891355,1.0
670033,1.0
156061,1.0
626310,1.0
290472,1.0
722538,0.0
714298,1.0
460435,0.0
210897,0.0
423040,1.0
745010,1.0
827068,1.0
987024,1.0
602366,1.0
245060,0.0
411215,1.0
641926,1.0
547067,1.0
163383,1.0
228267,1.0
337191,1.0
307490,1.0
407721,1.0
451070,1.0
865326,1.0
601067,1.0
471436,1.0
452811,1.0
215064,0.0
385090,1.0
238829,1.0
986498,0.0
396483,1.0
491155,1.0
691746,1.0
572003,1.0
715424,1.0
726036,1.0
243727,1.0
465716,1.0
193547,1.0
276674,1.0
785035,0.0
222671,1.0
678462,0.0
157710,0.0
655846,1.0
702936,1.0
551416,1.0
269854,1.0
718485,1.0
473845,1.0
528424,0.0
744852,1.0
110249,1.0
337691,1.0
798313,1.0
573602,1.0
498655,1.0
734309,1.0
261282,0.0
651471,1.0
862505,1.0
822028,1.0
359094,1.0
424292,0.0
352908,0.0
373203,1.0
774670,1.0
189919,1.0
542872,0.0
735646,1.0
374037,1.0
488665,1.0
482954,1.0
507980,0.0
612938,1.0
309028,1.0
642613,0.0
837618,1.0
803294,1.0
663126,1.0
507309,1.0
605604,0.0
658059,1.0
813035,0.0
309471,1.0
260908,0.0
485228,1.0
827633,1.0
106398,0.0
528142,1.0
758537,1.0
225831,0.0
499716,0.0
475506,0.0
745637,0.0
731239,0.0
353799,1.0
952541,1.0
575705,1.0
624262,1.0
453150,1.0
324714,1.0
287546,0.0
872470,1.0
852602,1.0
172441,1.0
437686,1.0
494238,0.0
305451,1.0
187371,0.0
306261,0.0
423804,1.0
473185,0.0
338093,1.0
657102,1.0
583414,1.0
917858,1.0
911940,1.0
414198,1.0
202828,0.0
371363,0.0
100460,0.0
284814,0.0
607536,0.0
703480,1.0
756811,1.0
510779,1.0
677579,0.0
894339,0.0
625255,1.0
351175,1.0
871364,0.0
652827,1.0
270163,1.0
813084,1.0
845757,1.0
812360,0.0
200702,1.0
596956,1.0
189708,1.0
488070,0.0
861996,0.0
518069,1.0
614405,1.0
232246,0.0
644812,1.0
100682,1.0
724291,1.0
899556,1.0
429151,1.0
197861,1.0
969245,1.0
992504,0.0
914330,1.0
412051,1.0
559100,0.0
256410,1.0
870558,1.0
386179,1.0
831809,0.0
319725,1.0
630769,1.0
225100,0.0
783576,1.0
154003,1.0
119333,1.0
710835,1.0
512468,1.0
426034,1.0
901007,0.0
197257,1.0
506146,1.0
280231,1.0
997586,1.0
143309,1.0
933430,0.0
279880,1.0
525953,1.0
456594,1.0
358251,1.0
122455,0.0
692226,0.0
997189,1.0
502415,1.0
325091,1.0
181583,1.0
122477,1.0
317734,1.0
391951,1.0
923415,1.0
519483,1.0
691757,1.0
593640,1.0
420444,1.0
488816,1.0
611829,1.0
706227,1.0
120356,1.0
228473,1.0
398755,1.0
701964,1.0
798828,1.0
589502,1.0
873131,1.0
626371,0.0
977068,1.0
387747,1.0
854500,1.0
854593,1.0
166939,1.0
622410,1.0
561204,1.0
220829,1.0
239058,1.0
556720,1.0
848681,0.0
473759,1.0
527738,0.0
765863,1.0
619507,1.0
776004,1.0
492757,1.0
789768,0.0
889207,1.0
836094,1.0
238078,1.0
592716,1.0
873111,1.0
640862,1.0
328361,1.0
720713,1.0
197233,1.0
259756,0.0
661080,1.0
581016,1.0
491200,1.0
715993,1.0
987621,1.0
468498,1.0
429961,1.0
970970,1.0
402279,1.0
700189,1.0
480186,1.0
673564,0.0
921936,1.0
259323,1.0
865224,1.0
497042,1.0
662922,1.0
543620,1.0
598443,1.0
379208,0.0
806644,0.0
576118,1.0
119908,1.0
503650,0.0
891427,0.0
938453,1.0
576135,1.0
890575,0.0
455614,0.0
978847,1.0
874269,1.0
257765,0.0
775583,1.0
557651,1.0
569144,0.0
714753,1.0
822472,1.0
485273,1.0
926565,1.0
839884,1.0
718205,0.0
492953,1.0
135775,1.0
824332,1.0
229171,1.0
429318,1.0
803199,1.0
332273,1.0
726571,1.0
719815,0.0
122400,1.0
859018,0.0
734810,1.0
419761,1.0
159783,1.0
978003,1.0
711730,1.0
994106,1.0
182776,1.0
743307,1.0
247772,1.0
287404,1.0
247738,0.0
151807,0.0
337137,1.0
560308,1.0
544503,1.0
509479,1.0
253184,1.0
463278,1.0
615458,1.0
189611,1.0
791934,1.0
375551,1.0
691702,0.0
734544,1.0
343882,1.0
402862,1.0
586479,0.0
753535,1.0
349307,1.0
721051,1.0
536548,1.0
753815,1.0
562464,1.0
153874,1.0
162859,1.0
575487,1.0
980694,1.0
156113,1.0
387321,1.0
877121,0.0
315272,1.0
801214,1.0
209386,1.0
815417,0.0
446899,1.0
235611,1.0
635512,1.0
836354,1.0
781445,1.0
762164,0.0
532776,1.0
903780,1.0
386589,1.0
626861,1.0
985883,1.0
748662,1.0
600626,1.0
418109,0.0
277092,0.0
264553,1.0
291896,1.0
376250,0.0
652100,1.0
681257,1.0
641474,0.0
406313,1.0
480925,1.0
644623,1.0
811321,1.0
364829,1.0
414283,0.0
645922,0.0
324479,1.0
217510,1.0
723745,1.0
125899,1.0
154674,1.0
647051,1.0
905042,1.0
607874,1.0
569848,1.0
283199,1.0
360014,1.0
998023,1.0
366944,1.0
938521,0.0
867015,1.0
903409,1.0
676716,0.0
428931,1.0
329275,1.0
764259,1.0
179143,1.0
197236,1.0
694516,0.0
977284,1.0
323110,0.0
372057,0.0
737064,1.0
429121,0.0
117513,1.0
948569,1.0
616708,1.0
798071,1.0
372929,1.0
193144,0.0
471967,1.0
909568,1.0
450865,0.0
869096,0.0
766824,1.0
198753,0.0
375272,1.0
278109,1.0
654164,1.0
567711,1.0
291456,1.0
650760,1.0
828653,1.0
581068,0.0
382394,1.0
402270,1.0
122999,1.0
774941,0.0
135518,1.0
157569,0.0
282567,1.0
448801,1.0
786873,1.0
543239,1.0
713573,1.0
748376,1.0
129030,1.0
782842,1.0
458753,1.0
591137,1.0
806061,1.0
224409,1.0
233642,1.0
298954,1.0
602351,1.0
229659,1.0
198523,1.0
688400,0.0
879210,1.0
781805,0.0
289179,1.0
578608,1.0
277541,1.0
434479,0.0
210579,0.0
432510,0.0
109790,1.0
489791,1.0
279832,1.0
769058,1.0
244505,0.0
589934,1.0
269459,1.0
109106,1.0
160769,1.0
655388,1.0
916819,0.0
348400,1.0
573372,0.0
625732,0.0
958853,1.0
264162,1.0
687040,0.0
937331,1.0
393485,1.0
818469,1.0
184797,0.0
296036,1.0
297411,1.0
291902,1.0
349203,0.0
712208,1.0
764767,1.0
347000,1.0
987055,1.0
311334,1.0
969214,1.0
498420,0.0
412413,1.0
188171,1.0
479031,1.0
546339,1.0
228486,1.0
823386,1.0
205215,1.0
249040,1.0
931863,1.0
114942,1.0
184620,1.0
510795,0.0
402199,1.0
195467,1.0
951146,1.0
679395,0.0
555794,1.0
273691,0.0
751900,0.0
783566,0.0
205360,0.0
888113,1.0
425609,1.0
893799,1.0
576724,1.0
482436,0.0
218252,1.0
996553,1.0
705611,1.0
461199,1.0
876199,1.0
401841,1.0
360365,1.0
245982,1.0
538411,1.0
797971,0.0
672700,1.0
997059,1.0
860010,1.0
904648,1.0
838653,1.0
639178,1.0
325670,1.0
516093,1.0
545502,1.0
159805,0.0
610388,0.0
555569,1.0
170437,0.0
297028,1.0
808122,1.0
875702,1.0
396350,1.0
765102,1.0
319230,1.0
587444,0.0
357673,0.0
648722,1.0
988565,0.0
662186,1.0
508555,1.0
913129,1.0
505094,1.0
262861,1.0
903789,0.0
552741,1.0
775336,1.0
629718,1.0
116797,1.0
562947,1.0
580841,0.0
429062,1.0
845945,0.0
738855,1.0
886563,0.0
964845,0.0
900282,1.0
273425,1.0
425849,1.0
996788,0.0
421049,1.0
892253,1.0
839139,1.0
943811,1.0
116579,1.0
546524,1.0
872667,1.0
712558,1.0
278779,0.0
567029,1.0
280792,1.0
642833,1.0
414151,1.0
924912,0.0
812503,1.0
426633,1.0
851380,1.0
916126,1.0
352569,1.0
966094,1.0
389077,1.0
636970,1.0
911028,0.0
523575,1.0
565211,0.0
537855,0.0
528905,0.0
550924,1.0
245259,1.0
795103,0.0
434351,1.0
946644,1.0
696553,0.0
687565,1.0
839116,0.0
165217,1.0
163660,0.0
159392,1.0
905024,1.0
125003,1.0
944436,1.0
203004,1.0
338151,1.0
686918,1.0
666578,1.0
927809,1.0
860044,0.0
356929,1.0
712907,0.0
270960,1.0
202554,1.0
415742,0.0
953540,1.0
730285,1.0
564619,1.0
100819,1.0
765159,1.0
489157,1.0
304468,1.0
730301,1.0
299957,1.0
971917,1.0
562168,0.0
108194,1.0
590532,1.0
268099,1.0
405003,1.0
344206,1.0
302138,1.0
517437,1.0
203738,1.0
253030,0.0
632315,1.0
464010,1.0
816872,1.0
874507,1.0
823147,1.0
752293,1.0
662296,1.0
399449,0.0
686052,1.0
895660,1.0
326371,1.0
421158,1.0
776093,1.0
410772,1.0
508718,1.0
488083,0.0
984080,0.0
862307,1.0
256164,0.0
448544,1.0
340171,1.0
614502,1.0
812909,1.0
418797,1.0
518482,1.0
979148,1.0
665281,1.0
310144,1.0
838178,1.0
991727,0.0
482587,1.0
616655,1.0
133361,1.0
658694,1.0
401202,1.0
569357,0.0
976146,0.0
291392,1.0
729150,1.0
622424,1.0
603115,1.0
388241,1.0
182621,1.0
813634,1.0
430882,1.0
348330,1.0
109066,1.0
906638,1.0
515424,0.0
484226,1.0
879702,1.0
260224,1.0
813191,1.0
597957,1.0
382560,1.0
926492,1.0
105011,1.0
540715,0.0
162974,1.0
521791,1.0
656555,0.0
389285,0.0
153290,0.0
248351,1.0
664322,1.0
399609,1.0
360097,1.0
654558,1.0
776987,1.0
878154,1.0
644367,1.0
532263,0.0
200240,1.0
153673,1.0
394304,1.0
527484,1.0
124482,1.0
223431,1.0
303697,1.0
706966,0.0
608316,0.0
549481,1.0
653119,1.0
973245,1.0
353836,1.0
185194,1.0
657855,1.0
888704,0.0
509077,1.0
689615,1.0
241763,1.0
484875,0.0
783363,1.0
874313,0.0
611856,0.0
601844,1.0
967455,0.0
549429,1.0
290035,1.0
319424,0.0
219944,1.0
911664,1.0
528327,1.0
628776,1.0
752730,1.0
762167,1.0
262449,1.0
690030,1.0
568841,1.0
199375,1.0
912742,1.0
465701,1.0
519506,0.0
980463,1.0
505936,
663219,
612840,
680038,
511142,
855380,
987752,
898241,
735178,
438116,
642929,
563010,
780438,
814962,
681078,
241457,
756320,
650523,
794678,
500548,
405830,
822061,
980692,
447060,
341707,
381018,
842776,
110726,
928491,
666899,
134305,
106104,
701149,
570631,
704869,
456305,
936716,
596802,
724898,
578580,
909754,
892716,
225868,
626598,
819379,
192522,
652104,
924966,
301073,
602470,
848271,
586817,
594231,
837400,
392760,
772253,
995432,
908634,
663662,
885378,
355922,
268120,
722134,
928217,
457026,
317130,
431958,
248702,
907437,
775433,
138157,
397615,
650346,
401661,
835509,
873319,
580675,
602224,
915719,
272864,
813349,
205906,
696094,
235459,
615945,
258576,
920184,
670976,
701527,
848086,
528208,
999834,
897197,
684361,
368334,
755369,
259384,
201438,
799192,
920190,
766789,
911351,
175409,
172027,
439238,
719292,
894646,
868360,
335571,
226846,
202893,
710762,
673441,
564584,
187489,
570244,
730294,
113906,
787693,
824914,
934952,
138504,
881145,
730306,
560078,
239134,
656189,
379812,
151265,
710513,
518561,
229825,
799561,
903718,
785542,
795338,
205130,
490840,
230520,
256414,
935772,
707039,
605704,
829124,
196030,
471579,
109193,
828069,
502470,
396556,
679799,
273788,
403447,
569137,
982466,
500538,
617106,
612159,
206874,
813293,
640677,
507048,
974950,
201654,
885755,
779323,
952825,
816211,
929041,
619334,
307506,
556452,
963690,
546746,
823598,
828025,
428724,
166903,
464851,
283362,
390451,
447812,
260583,
889783,
138960,
774658,
116926,
325138,
730123,
563162,
597625,
454242,
832685,
828561,
567163,
326991,
938375,
158758,
618747,
968696,
270322,
704117,
560138,
862679,
287770,
285371,
206765,
590265,
850450,
214708,
893286,
592149,
875198,
848276,
498070,
151008,
286032,
284421,
888392,
740040,
190973,
481819,
571675,
307489,
466501,
852335,
715047,
879842,
527224,
961528,
703146,
783476,
138351,
589699,
506060,
829017,
929708,
980817,
832505,
603124,
143932,
661383,
131364,
673319,
320698,
825782,
554794,
701914,
852776,
478773,
357538,
139434,
405224,
967437,
299197,
932202,
846342,
727142,
804895,
914144,
507302,
628813,
249663,
793548,
333310,
588211,
610471,
601783,
629993,
223225,
240210,
729783,
832246,
152118,
594301,
139956,
270389,
607631,
407991,
793496,
350896,
155174,
720817,
638341,
889262,
459554,
212193,
819850,
332785,
446840,
472956,
875986,
722736,
100909,
825910,
125504,
199333,
519282,
879207,
539599,
977370,
580998,
932252,
968600,
657202,
548467,
574118,
209216,
525583,
921105,
201724,
643430,
816523,
631944,
691383,
459322,
241669,
777177,
273008,
587098,
494681,
373866,
523801,
341436,
707703,
935669,
809282,
445787,
830324,
201053,
727007,
135774,
433380,
474826,
799908,
107608,
333546,
210695,
189242,
315488,
121172,
108148,
287302,
497434,
951296,
517021,
805660,
780524,
233921,
250428,
422764,
593853,
642096,
785771,
315425,
866932,
343554,
455486,
529458,
513322,
692543,
463996,
802918,
621514,
395546,
574198,
479896,
984085,
742603,
748017,
427422,
374485,
359666,
718851,
598486,
996955,
350944,
344696,
548604,
542358,
160872,
156826,
411801,
689464,
676052,
671746,
824287,
355949,
886387,
432039,
791770,
139759,
663681,
221732,
351472,
238795,
359269,
964285,
972000,
291669,
802834,
557078,
155800,
704450,
654381,
569454,
908319,
422107,
477911,
304132,
545018,
663383,
791708,
686466,
828637,
994449,
426752,
707907,
973314,
958532,
822847,
687022,
345588,
424396,
291279,
462907,
205348,
428407,
405277,
183628,
294000,
809280,
653350,
549978,
988258,
186704,
442773,
210172,
876305,
746479,
782161,
927166,
190496,
448624,
202914,
401337,
385332,
924556,
656228,
109647,
346583,
659706,
113368,
597414,
269076,
151128,
358459,
340167,
766696,
175669,
878689,
738887,
620465,
451681,
379225,
209635,
265239,
176099,
336377,
114359,
623947,
383332,
269810,
896139,
760376,
133368,
942586,
828907,
367217,
634573,
426523,
875874,
783872,
256570,
809241,
742977,
232517,
352433,
215988,
505233,
799256,
544989,
667873,
262142,
574126,
234525,
727665,
738268,
275922,
182804,
730816,
271847,
935549,
103330,
217205,
609223,
625174,
403328,
860773,
568101,
279169,
831771,
809170,
991966,
979899,
655105,
950098,
223362,
116742,
285588,
368326,
455091,
945622,
335869,
558218,
709017,
116824,
813676,
304412,
297882,
817625,
761270,
706641,
368762,
324769,
625229,
813241,
174309,
902048,
368178,
680291,
647904,
377451,
482134,
837891,
664674,
143533,
716329,
156821,
672133,
253957,
992919,
168190,
615813,
481021,
817371,
726940,
826754,
578935,
526577,
170059,
219893,
495140,
699644,
264609,
901294,
272454,
788412,
797930,
916588,
590999,
224771,
291984,
305799,
833133,
738814,
320621,
749637,
694091,
800423,
242760,
449192,
652225,
192541,
137899,
986260,
989321,
209103,
817465,
839722,
340965,
244893,
448665,
803025,
916332,
872630,
146112,
112377,
320996,
932973,
343035,
759506,
221761,
592769,
599571,
466172,
685541,
329598,
959550,
337323,
175723,
644075,
626462,
940547,
284047,
993994,
286763,
122126,
181027,
277911,
497265,
537950,
972413,
508205,
168298,
547894,
198137,
781909,
151845,
867147,
944998,
797074,
902715,
694605,
768087,
856641,
784004,
446187,
167516,
967179,
798174,
553607,
510991,
184636,
455537,
936858,
953843,
286021,
810168,
392147,
564341,
204866,
396041,
269870,
717382,
220243,
591560,
353082,
370077,
924646,
484682,
747651,
772702,
716340,
730931,
202301,
207699,
203599,
922780,
510600,
174662,
903402,
682990,
608496,
846526,
753000,
389016,
611313,
289525,
498899,
222685,
373120,
330640,
764646,
670944,
805932,
896134,
121392,
585159,
259410,
744698,
860256,
283520,
352978,
425971,
133105,
926674,
528384,
609848,
391520,
189040,
603540,
291222,
531993,
383252,
520900,
321713,
512573,
124947,
250181,
318880,
462389,
709095,
661043,
650871,
173828,
121550,
301094,
224588,
102061,
971770,
148028,
974505,
319280,
131178,
950464,
221830,
866557,
478652,
666128,
455196,
257974,
845183,
364426,
217187,
260625,
543065,
251002,
665420,
963085,
500141,
173701,
357814,
320299,
914729,
522849,
719088,
340837,
800295,
563620,
535560,
640237,
248099,
831971,
633827,
498823,
237172,
598284,
142572,
795503,
355655,
816141,
878987,
581551,
683400,
758994,
896567,
807408,
294261,
576419,
875370,
750023,
392715,
332124,
974999,
357303,
603027,
311551,
708866,
744443,
334528,
622394,
794623,
169345,
234495,
773106,
511924,
123851,
608693,
100504,
155186,
601282,
524562,
456137,
942629,
478760,
434528,
870226,
914134,
750468,
209847,
559630,
690856,
189858,
946670,
900902,
696320,
331651,
709291,
348616,
126116,
753193,
959070,
912291,
355609,
642552,
555038,
595760,
503517,
446905,
798079,
466279,
379638,
175073,
455535,
767169,
601725,
631605,
529745,
681758,
408443,
745465,
195038,
590935,
348048,
134953,
423526,
759969,
572812,
851177,
803768,
672640,
789636,
309768,
747918,
731060,
638400,
990938,
832642,
182496,
406579,
968977,
113646,
155161,
614691,
878635,
746959,
319085,
693293,
370116,
946408,
938247,
488201,
675426,
193880,
782780,
874821,
448383,
888443,
676668,
459680,
298249,
256713,
946133,
110886,
677757,
484731,
283096,
939833,
333781,
713246,
991649,
672068,
506820,
389549,
260066,
341147,
288736,
432977,
160177,
925198,
544679,
572265,
198883,
797473,
727980,
673312,
143530,
599124,
690188,
714869,
739814,
427030,
847568,
322865,
234317,
999007,
744433,
929370,
778478,
339660,
546131,
202146,
972112,
186609,
529584,
694444,
171745,
201770,
465317,
906198,
720961,
275385,
570143,
306634,
737071,
506699,
342831,
796659,
677205,
751637,
221143,
804140,
575535,
999515,
602240,
453230,
168404,
434585,
763193,
521439,
206987,
819609,
285552,
758205,
984167,
520515,
415595,
667779,
909108,
450984,
236435,
888270,
739783,
456726,
402100,
792961,
835054,
248620,
875916,
553944,
906537,
675556,
950608,
456878,
858396,
929010,
930085,
190273,
572124,
441061,
570411,
293129,
726304,
162727,
238310,
410759,
111016,
187376,
728238,
563396,
480775,
960532,
929136,
439024,
296437,
870626,
722437,
591559,
898236,
270897,
272788,
269693,
968852,
278055,
440011,
812513,
480857,
769682,
358426,
615954,
384332,
878790,
305572,
167967,
302634,
382989,
368449,
523474,
399537,
916395,
272215,
922633,
963597,
294886,
283133,
108967,
511256,
631657,
607278,
649353,
121050,
989902,
471121,
464464,
579990,
468156,
529873,
271228,
682288,
702347,
776351,
901701,
355474,
711436,
504911,
255568,
695340,
336513,
604788,
175753,
752282,
655330,
652937,
777054,
216496,
386501,
265572,
190891,
789859,
656839,
925368,
626040,
796480,
347304,
678482,
745334,
833111,
292906,
503886,
441711,
824966,
645851,
937400,
485534,
944619,
787218,
551955,
678947,
876831,
846773,
705604,
642124,
263980,
785590,
500197,
351659,
207614,
972145,
419096,
404476,
622131,
539175,
348961,
862571,
770896,
418808,
799646,
142613,
171765,
722193,
122466,
870760,
761236,
867328,
777072,
882589,
794569,
755533,
341445,
208817,
612136,
105978,
792182,
468076,
476687,
280990,
958455,
353698,
690720,
551582,
194650,
867503,
393448,
421512,
632420,
961372,
746564,
616086,
324681,
738921,
857193,
736313,
628549,
286944,
285227,
276058,
453301,
369796,
352759,
250643,
230107,
459340,
961648,
750639,
151965,
279597,
814767,
591739,
793042,
409350,
224442,
998103,
895910,
125575,
945721,
300546,
815512,
510583,
158038,
412125,
385337,
696781,
260715,
562124,
163589,
477221,
360622,
303346,
438373,
741272,
500338,
118791,
425321,
683915,
686464,
181526,
871730,
763619,
258209,
687530,
605649,
670342,
548611,
223698,
274942,
543733,
460125,
164089,
198488,
213724,
460159,
555952,
357171,
282534,
734670,
653906,
918186,
356073,
797921,
407888,
690356,
139935,
886640,
790602,
584581,
189783,
176507,
275837,
270886,
167609,
317234,
184503,
273200,
303430,
487188,
894921,
665940,
533950,
158366,
551305,
960708,
749293,
687551,
286547,
620416,
730080,
201290,
618016,
416145,
771743,
187835,
676922,
351121,
611912,
549370,
812901,
466371,
172076,
936461,
318229,
668256,
634074,
861115,
432110,
506449,
141014,
647138,
935354,
117069,
644710,
443478,
904300,
433561,
744131,
213473,
174209,
691339,
565268,
869543,
777626,
305001,
691327,
197775,
982042,
770371,
906504,
760879,
403710,
788238,
287561,
530962,
605423,
892386,
949112,
879986,
135551,
259240,
403558,
334249,
402556,
877467,
166731,
835640,
759404,
876866,
919748,
241146,
362537,
442560,
724004,
928512,
467933,
209284,
519805,
430298,
875095,
803654,
666251,
516931,
243901,
218658,
330983,
327933,
197307,
731587,
262069,
744818,
909783,
290516,
120593,
128840,
818071,
974454,
354326,
748226,
136521,
385927,
976738,
595420,
185255,
919411,
142761,
152946,
304522,
242517,
487731,
431204,
302584,
576862,
185693,
329381,
207597,
592590,
856747,
196325,
225818,
192731,
118429,
949069,
403979,
565996,
616516,
107325,
588751,
249931,
890148,
825115,
616186,
400883,
381947,
395155,
652717,
624801,
528450,
730114,
137722,
696142,
924553,
384619,
213583,
154407,
178972,
211872,
190476,
769717,
428516,
901351,
432959,
401249,
936689,
202644,
334142,
968120,
997518,
172051,
508797,
563278,
737878,
370008,
796783,
930345,
617751,
672879,
643630,
247585,
701740,
922761,
652542,
838673,
557827,
989394,
813462,
440064,
732338,
142339,
333346,
961927,
788806,
945083,
498517,
601198,
126210,
393940,
816513,
989302,
690993,
198511,
114172,
229493,
288479,
911415,
376212,
259833,
593727,
772932,
473809,
982860,
521935,
436438,
910777,
264547,
601142,
185603,
471154,
393078,
653530,
445779,
198863,
872490,
553017,
321745,
802654,
745040,
102506,
587560,
658730,
669595,
964345,
229768,
214233,
307336,
305474,
478536,
667600,
762532,
534194,
221925,
158761,
664694,
653707,
315943,
572962,
915576,
187003,
693915,
318140,
487190,
716764,
228762,
834937,
744605,
184695,
695624,
738233,
180883,
565203,
594576,
929828,
262417,
788103,
127362,
237272,
973276,
377339,
870561,
140590,
472197,
506123,
615110,
331396,
801865,
700510,
394087,
227252,
858046,
234494,
901407,
750444,
331316,
359777,
200132,
221358,
155085,
905906,
290342,
261137,
808459,
609775,
789958,
494191,
608933,
594978,
359252,
953995,
180832,
540503,
138661,
836178,
121157,
343890,
340512,
463731,
729357,
403370,
373493,
713389,
224730,
634397,
476114,
400264,
254586,
639327,
498491,
161570,
423258,
943287,
353765,
101094,
985963,
114707,
277068,
743930,
285382,
401238,
493958,
166120,
871726,
942008,
582536,
142329,
802910,
846028,
731296,
617691,
586379,
320363,
405886,
831719,
973034,
482084,
934581,
584105,
510569,
623115,
189098,
627250,
582371,
621970,
980846,
910241,
964232,
860239,
477612,
146942,
977642,
913973,
576674,
448603,
535392,
688428,
787951,
510793,
771643,
185525,
213260,
495225,
879680,
729682,
744193,
427860,
594836,
521892,
901217,
851056,
987143,
179217,
416421,
888956,
277255,
844964,
689487,
774013,
156520,
631359,
104195,
308397,
351839,
779932,
990542,
846854,
869915,
141629,
561130,
664051,
913726,
993705,
693133,
301461,
340698,
162038,
980235,
446691,
407100,
522420,
944948,
451382,
650681,
887564,
637495,
802073,
665859,
689933,
230364,
529645,
134754,
973473,
395402,
139307,
420699,
589125,
777162,
525271,
593475,
887835,
715902,
925051,
666698,
857050,
426206,
612903,
349236,
420743,
188479,
261946,
232919,
187233,
110305,
138697,
532564,
264895,
136552,
255671,
540209,
365727,
151477,
826760,
473936,
573856,
699528,
517510,
609204,
555465,
929743,
932803,
133473,
511240,
483878,
853674,
506500,
299589,
329370,
910667,
485278,
520624,
817661,
740104,
116558,
446037,
418451,
376559,
834580,
965410,
740172,
982896,
522121,
827176,
309797,
837096,
881464,
189580,
309861,
976875,
836764,
957449,
835062,
760744,
534675,
409606,
636169,
222139,
411573,
104036,
575646,
141017,
870375,
285084,
146493,
436583,
761463,
292655,
157838,
194720,
757226,
424437,
244368,
226297,
171621,
481258,
688566,
935693,
264642,
697001,
433400,
881258,
553067,
970213,
931123,
577898,
462050,
884456,
872624,
929403,
950289,
383234,
804746,
235781,
401925,
898893,
123700,
464835,
586929,
208562,
112283,
515471,
789190,
325592,
532933,
970758,
294662,
697613,
707278,
723757,
110647,
433988,
135627,
486961,
349628,
883609,
156131,
471799,
839634,
785577,
762466,
515234,
335549,
202027,
500178,
561173,
114659,
241621,
172665,
186932,
531991,
750346,
595861,
429076,
705026,
117212,
146999,
574349,
781595,
452467,
413341,
573265,
139567,
485930,
462639,
447209,
161463,
446034,
405564,
523102,
193758,
979010,
619624,
105251,
890654,
456099,
796844,
281510,
220009,
485354,
512331,
974966,
250777,
601764,
387834,
981618,
544080,
142031,
867707,
535032,
741329,
711499,
511730,
126058,
641356,
997836,
420307,
218695,
664159,
155486,
367426,
174783,
145209,
440445,
393987,
876167,
276455,
579561,
851358,
129125,
923035,
271447,
369648,
685123,
498023,
963780,
923452,
896792,
678469,
409070,
111766,
771184,
671253,
692846,
647302,
570758,
148600,
612527,
812299,
714025,
975956,
814064,
305422,
478743,
218664,
998119,
773839,
753071,
595324,
615532,
476653,
919206,
146919,
539932,
487401,
226655,
396603,
317967,
438916,
416770,
409406,
781097,
809684,
568541,
198027,
709956,
704218,
102372,
577629,
121846,
198870,
362579,
136548,
323814,
301557,
270303,
158540,
819926,
948735,
476794,
742136,
891892,
458442,
955891,
843209,
578817,
784322,
973144,
673501,
957619,
953851,
660506,
108438,
936678,
821353,
895063,
825780,
125416,
452914,
930066,
439653,
708315,
595824,
548169,
212511,
854508,
896004,
721119,
835246,
163783,
758057,
383965,
977076,
922960,
759690,
911717,
327597,
